<?xml version="1.0" encoding="UTF-8" standalone="no" ?>
<COLLADA xmlns="http://www.collada.org/2005/11/COLLADASchema" version="1.4.1">
    <asset>
        <contributor>
            <authoring_tool>SketchUp 15.3.329</authoring_tool>
        </contributor>
        <created>2015-04-29T17:58:14Z</created>
        <modified>2015-04-29T17:58:14Z</modified>
        <unit meter="0.0254000" name="inch" />
        <up_axis>Z_UP</up_axis>
    </asset>
    <library_visual_scenes>
        <visual_scene id="ID1">
            <node name="SketchUp">
                <instance_geometry url="#ID118">
                    <bind_material>
                        <technique_common>
                            <instance_material symbol="Material2" target="#ID119">
                                <bind_vertex_input semantic="UVSET0" input_semantic="TEXCOORD" input_set="0" />
                            </instance_material>
                        </technique_common>
                    </bind_material>
                </instance_geometry>
                <instance_geometry url="#ID131">
                    <bind_material>
                        <technique_common>
                            <instance_material symbol="Material2" target="#ID132">
                                <bind_vertex_input semantic="UVSET0" input_semantic="TEXCOORD" input_set="0" />
                            </instance_material>
                        </technique_common>
                    </bind_material>
                </instance_geometry>
                <instance_geometry url="#ID144">
                    <bind_material>
                        <technique_common>
                            <instance_material symbol="Material2" target="#ID145">
                                <bind_vertex_input semantic="UVSET0" input_semantic="TEXCOORD" input_set="0" />
                            </instance_material>
                        </technique_common>
                    </bind_material>
                </instance_geometry>
                <instance_geometry url="#ID157">
                    <bind_material>
                        <technique_common>
                            <instance_material symbol="Material2" target="#ID132">
                                <bind_vertex_input semantic="UVSET0" input_semantic="TEXCOORD" input_set="0" />
                            </instance_material>
                            <instance_material symbol="Material3" target="#ID159">
                                <bind_vertex_input semantic="UVSET0" input_semantic="TEXCOORD" input_set="0" />
                            </instance_material>
                        </technique_common>
                    </bind_material>
                </instance_geometry>
                <instance_geometry url="#ID167">
                    <bind_material>
                        <technique_common>
                            <instance_material symbol="Material2" target="#ID132">
                                <bind_vertex_input semantic="UVSET0" input_semantic="TEXCOORD" input_set="0" />
                            </instance_material>
                        </technique_common>
                    </bind_material>
                </instance_geometry>
                <instance_geometry url="#ID175">
                    <bind_material>
                        <technique_common>
                            <instance_material symbol="Material2" target="#ID119">
                                <bind_vertex_input semantic="UVSET0" input_semantic="TEXCOORD" input_set="0" />
                            </instance_material>
                        </technique_common>
                    </bind_material>
                </instance_geometry>
                <instance_geometry url="#ID183">
                    <bind_material>
                        <technique_common>
                            <instance_material symbol="Material2" target="#ID159">
                                <bind_vertex_input semantic="UVSET0" input_semantic="TEXCOORD" input_set="0" />
                            </instance_material>
                        </technique_common>
                    </bind_material>
                </instance_geometry>
                <instance_geometry url="#ID189">
                    <bind_material>
                        <technique_common>
                            <instance_material symbol="Material2" target="#ID132">
                                <bind_vertex_input semantic="UVSET0" input_semantic="TEXCOORD" input_set="0" />
                            </instance_material>
                        </technique_common>
                    </bind_material>
                </instance_geometry>
                <instance_geometry url="#ID197">
                    <bind_material>
                        <technique_common>
                            <instance_material symbol="Material2" target="#ID132">
                                <bind_vertex_input semantic="UVSET0" input_semantic="TEXCOORD" input_set="0" />
                            </instance_material>
                        </technique_common>
                    </bind_material>
                </instance_geometry>
                <instance_geometry url="#ID205">
                    <bind_material>
                        <technique_common>
                            <instance_material symbol="Material2" target="#ID132">
                                <bind_vertex_input semantic="UVSET0" input_semantic="TEXCOORD" input_set="0" />
                            </instance_material>
                        </technique_common>
                    </bind_material>
                </instance_geometry>
                <instance_geometry url="#ID213">
                    <bind_material>
                        <technique_common>
                            <instance_material symbol="Material2" target="#ID132">
                                <bind_vertex_input semantic="UVSET0" input_semantic="TEXCOORD" input_set="0" />
                            </instance_material>
                        </technique_common>
                    </bind_material>
                </instance_geometry>
                <instance_geometry url="#ID221">
                    <bind_material>
                        <technique_common>
                            <instance_material symbol="Material2" target="#ID132">
                                <bind_vertex_input semantic="UVSET0" input_semantic="TEXCOORD" input_set="0" />
                            </instance_material>
                            <instance_material symbol="Material3" target="#ID159">
                                <bind_vertex_input semantic="UVSET0" input_semantic="TEXCOORD" input_set="0" />
                            </instance_material>
                        </technique_common>
                    </bind_material>
                </instance_geometry>
                <instance_geometry url="#ID229">
                    <bind_material>
                        <technique_common>
                            <instance_material symbol="Material2" target="#ID230">
                                <bind_vertex_input semantic="UVSET0" input_semantic="TEXCOORD" input_set="0" />
                            </instance_material>
                        </technique_common>
                    </bind_material>
                </instance_geometry>
                <instance_geometry url="#ID242">
                    <bind_material>
                        <technique_common>
                            <instance_material symbol="Material2" target="#ID243">
                                <bind_vertex_input semantic="UVSET0" input_semantic="TEXCOORD" input_set="0" />
                            </instance_material>
                        </technique_common>
                    </bind_material>
                </instance_geometry>
                <instance_geometry url="#ID248">
                    <bind_material>
                        <technique_common>
                            <instance_material symbol="Material2" target="#ID243">
                                <bind_vertex_input semantic="UVSET0" input_semantic="TEXCOORD" input_set="0" />
                            </instance_material>
                        </technique_common>
                    </bind_material>
                </instance_geometry>
                <instance_geometry url="#ID252">
                    <bind_material>
                        <technique_common>
                            <instance_material symbol="Material2" target="#ID243">
                                <bind_vertex_input semantic="UVSET0" input_semantic="TEXCOORD" input_set="0" />
                            </instance_material>
                        </technique_common>
                    </bind_material>
                </instance_geometry>
                <instance_geometry url="#ID256">
                    <bind_material>
                        <technique_common>
                            <instance_material symbol="Material2" target="#ID243">
                                <bind_vertex_input semantic="UVSET0" input_semantic="TEXCOORD" input_set="0" />
                            </instance_material>
                        </technique_common>
                    </bind_material>
                </instance_geometry>
                <instance_geometry url="#ID260">
                    <bind_material>
                        <technique_common>
                            <instance_material symbol="Material2" target="#ID243">
                                <bind_vertex_input semantic="UVSET0" input_semantic="TEXCOORD" input_set="0" />
                            </instance_material>
                        </technique_common>
                    </bind_material>
                </instance_geometry>
                <instance_geometry url="#ID264">
                    <bind_material>
                        <technique_common>
                            <instance_material symbol="Material2" target="#ID243">
                                <bind_vertex_input semantic="UVSET0" input_semantic="TEXCOORD" input_set="0" />
                            </instance_material>
                        </technique_common>
                    </bind_material>
                </instance_geometry>
                <instance_geometry url="#ID268">
                    <bind_material>
                        <technique_common>
                            <instance_material symbol="Material2" target="#ID243">
                                <bind_vertex_input semantic="UVSET0" input_semantic="TEXCOORD" input_set="0" />
                            </instance_material>
                        </technique_common>
                    </bind_material>
                </instance_geometry>
                <instance_geometry url="#ID272">
                    <bind_material>
                        <technique_common>
                            <instance_material symbol="Material2" target="#ID243">
                                <bind_vertex_input semantic="UVSET0" input_semantic="TEXCOORD" input_set="0" />
                            </instance_material>
                        </technique_common>
                    </bind_material>
                </instance_geometry>
                <instance_geometry url="#ID276">
                    <bind_material>
                        <technique_common>
                            <instance_material symbol="Material2" target="#ID243">
                                <bind_vertex_input semantic="UVSET0" input_semantic="TEXCOORD" input_set="0" />
                            </instance_material>
                        </technique_common>
                    </bind_material>
                </instance_geometry>
                <node id="ID2" name="instance_0">
                    <matrix>-0.0862559 -0.9962730 0.0000000 932.2785324 0.9962730 -0.0862559 0.0000000 792.2530570 0.0000000 0.0000000 1.0000000 -53.5055077 0.0000000 0.0000000 0.0000000 1.0000000</matrix>
                    <instance_node url="#ID3" />
                </node>
                <node id="ID17" name="instance_1">
                    <matrix>-0.0862559 -0.9962730 0.0000000 810.3426236 0.9962730 -0.0862559 0.0000000 783.0812428 0.0000000 0.0000000 1.0000000 -53.5055077 0.0000000 0.0000000 0.0000000 1.0000000</matrix>
                    <instance_node url="#ID3" />
                </node>
                <node id="ID18" name="instance_2">
                    <matrix>-0.0862559 -0.9962730 0.0000000 687.2243149 0.9962730 -0.0862559 0.0000000 770.2696876 0.0000000 0.0000000 1.0000000 -53.5055077 0.0000000 0.0000000 0.0000000 1.0000000</matrix>
                    <instance_node url="#ID3" />
                </node>
                <node id="ID19" name="instance_3">
                    <matrix>-0.0862559 -0.9962730 0.0000000 534.1801377 0.9962730 -0.0862559 0.0000000 787.0425509 0.0000000 0.0000000 1.0000000 -53.5055077 0.0000000 0.0000000 0.0000000 1.0000000</matrix>
                    <instance_node url="#ID3" />
                </node>
                <node id="ID20" name="instance_4">
                    <matrix>-0.0862559 -0.9962730 0.0000000 398.6431314 0.9962730 -0.0862559 0.0000000 776.1922124 0.0000000 0.0000000 1.0000000 -53.5055077 0.0000000 0.0000000 0.0000000 1.0000000</matrix>
                    <instance_node url="#ID3" />
                </node>
                <node id="ID21" name="instance_5">
                    <matrix>-0.0862559 -0.9962730 0.0000000 243.5123799 0.9962730 -0.0862559 0.0000000 776.3512844 0.0000000 0.0000000 1.0000000 -53.5055077 0.0000000 0.0000000 0.0000000 1.0000000</matrix>
                    <instance_node url="#ID3" />
                </node>
                <node id="ID22" name="instance_6">
                    <matrix>-0.0862559 -0.9962730 0.0000000 106.7081151 0.9962730 -0.0862559 0.0000000 787.9292261 0.0000000 0.0000000 1.0000000 -53.5055077 0.0000000 0.0000000 0.0000000 1.0000000</matrix>
                    <instance_node url="#ID3" />
                </node>
                <node id="ID23" name="instance_7">
                    <matrix>-0.0862559 -0.9962730 0.0000000 -415.3005491 0.9962730 -0.0862559 0.0000000 772.5867935 0.0000000 0.0000000 1.0000000 -53.5055077 0.0000000 0.0000000 0.0000000 1.0000000</matrix>
                    <instance_node url="#ID3" />
                </node>
                <node id="ID24" name="instance_8">
                    <matrix>-0.0862559 -0.9962730 0.0000000 -552.2035373 0.9962730 -0.0862559 0.0000000 781.8954590 0.0000000 0.0000000 1.0000000 -24.5568510 0.0000000 0.0000000 0.0000000 1.0000000</matrix>
                    <instance_node url="#ID3" />
                </node>
                <node id="ID25" name="instance_9">
                    <matrix>-0.0862559 -0.9962730 0.0000000 -739.9669573 0.9962730 -0.0862559 0.0000000 640.3862749 0.0000000 0.0000000 1.0000000 -53.5055077 0.0000000 0.0000000 0.0000000 1.0000000</matrix>
                    <instance_node url="#ID3" />
                </node>
                <node id="ID26" name="instance_10">
                    <matrix>-0.0862559 -0.9962730 0.0000000 -888.6506064 0.9962730 -0.0862559 0.0000000 600.7681040 0.0000000 0.0000000 1.0000000 -113.3325483 0.0000000 0.0000000 0.0000000 1.0000000</matrix>
                    <instance_node url="#ID3" />
                </node>
                <node id="ID27" name="instance_11">
                    <matrix>-0.0862559 -0.9962730 0.0000000 -1296.5483873 0.9962730 -0.0862559 0.0000000 499.9865883 0.0000000 0.0000000 1.0000000 -53.5055077 0.0000000 0.0000000 0.0000000 1.0000000</matrix>
                    <instance_node url="#ID3" />
                </node>
                <node id="ID28" name="instance_12">
                    <matrix>-0.0862559 -0.9962730 0.0000000 -1479.4549784 0.9962730 -0.0862559 0.0000000 429.9711794 0.0000000 0.0000000 1.0000000 -53.5055077 0.0000000 0.0000000 0.0000000 1.0000000</matrix>
                    <instance_node url="#ID3" />
                </node>
                <node id="ID29" name="instance_13">
                    <matrix>-0.0862559 -0.9962730 0.0000000 -1724.8544049 0.9962730 -0.0862559 0.0000000 270.8105657 0.0000000 0.0000000 1.0000000 -53.5055077 0.0000000 0.0000000 0.0000000 1.0000000</matrix>
                    <instance_node url="#ID3" />
                </node>
                <node id="ID30" name="instance_14">
                    <matrix>-0.0862559 -0.9962730 0.0000000 900.8572174 0.9962730 -0.0862559 0.0000000 1177.8881132 0.0000000 0.0000000 1.0000000 -53.5055077 0.0000000 0.0000000 0.0000000 1.0000000</matrix>
                    <instance_node url="#ID3" />
                </node>
                <node id="ID31" name="instance_15">
                    <matrix>-0.0862559 -0.9962730 0.0000000 770.0741147 0.9962730 -0.0862559 0.0000000 1183.1131877 0.0000000 0.0000000 1.0000000 -53.5055077 0.0000000 0.0000000 0.0000000 1.0000000</matrix>
                    <instance_node url="#ID3" />
                </node>
                <node id="ID32" name="instance_16">
                    <matrix>-0.0862559 -0.9962730 0.0000000 665.5259636 0.9962730 -0.0862559 0.0000000 1194.8503508 0.0000000 0.0000000 1.0000000 -53.5055077 0.0000000 0.0000000 0.0000000 1.0000000</matrix>
                    <instance_node url="#ID3" />
                </node>
                <node id="ID33" name="instance_17">
                    <matrix>-0.0862559 -0.9962730 0.0000000 546.7451863 0.9962730 -0.0862559 0.0000000 1212.0840747 0.0000000 0.0000000 1.0000000 -53.5055077 0.0000000 0.0000000 0.0000000 1.0000000</matrix>
                    <instance_node url="#ID3" />
                </node>
                <node id="ID34" name="instance_18">
                    <matrix>-0.0862559 -0.9962730 0.0000000 246.8947406 0.9962730 -0.0862559 0.0000000 1172.9788778 0.0000000 0.0000000 1.0000000 -53.5055077 0.0000000 0.0000000 0.0000000 1.0000000</matrix>
                    <instance_node url="#ID3" />
                </node>
                <node id="ID35" name="instance_19">
                    <matrix>-0.0862559 -0.9962730 0.0000000 93.1657263 0.9962730 -0.0862559 0.0000000 1184.3963103 0.0000000 0.0000000 1.0000000 -53.5055077 0.0000000 0.0000000 0.0000000 1.0000000</matrix>
                    <instance_node url="#ID3" />
                </node>
                <node id="ID36" name="instance_20">
                    <matrix>-0.0862559 -0.9962730 0.0000000 -758.5279355 0.9962730 -0.0862559 0.0000000 1074.6149202 0.0000000 0.0000000 1.0000000 -53.5055077 0.0000000 0.0000000 0.0000000 1.0000000</matrix>
                    <instance_node url="#ID3" />
                </node>
                <node id="ID37" name="instance_21">
                    <matrix>-0.0862559 -0.9962730 0.0000000 -928.7790224 0.9962730 -0.0862559 0.0000000 1003.1941267 0.0000000 0.0000000 1.0000000 -53.5055077 0.0000000 0.0000000 0.0000000 1.0000000</matrix>
                    <instance_node url="#ID3" />
                </node>
                <node id="ID38" name="instance_22">
                    <matrix>-0.0862559 -0.9962730 0.0000000 -1261.2017710 0.9962730 -0.0862559 0.0000000 939.3691881 0.0000000 0.0000000 1.0000000 -53.5055077 0.0000000 0.0000000 0.0000000 1.0000000</matrix>
                    <instance_node url="#ID3" />
                </node>
                <node id="ID39" name="instance_23">
                    <matrix>-0.0862559 -0.9962730 0.0000000 -1371.9420682 0.9962730 -0.0862559 0.0000000 1012.6500512 0.0000000 0.0000000 1.0000000 -53.5055077 0.0000000 0.0000000 0.0000000 1.0000000</matrix>
                    <instance_node url="#ID3" />
                </node>
                <node id="ID40" name="instance_24">
                    <matrix>-0.0862559 -0.9962730 0.0000000 -1467.1418508 0.9962730 -0.0862559 0.0000000 1119.4188733 0.0000000 0.0000000 1.0000000 -53.5055077 0.0000000 0.0000000 0.0000000 1.0000000</matrix>
                    <instance_node url="#ID3" />
                </node>
                <node id="ID41" name="instance_25">
                    <matrix>-0.0862559 -0.9962730 0.0000000 -2196.0487662 0.9962730 -0.0862559 0.0000000 1412.6457221 0.0000000 0.0000000 1.0000000 -53.5055077 0.0000000 0.0000000 0.0000000 1.0000000</matrix>
                    <instance_node url="#ID3" />
                </node>
                <node id="ID42" name="instance_26">
                    <matrix>-0.0862559 -0.9962730 0.0000000 -2336.1056870 0.9962730 -0.0862559 0.0000000 1460.6373535 0.0000000 0.0000000 1.0000000 -53.5055077 0.0000000 0.0000000 0.0000000 1.0000000</matrix>
                    <instance_node url="#ID3" />
                </node>
                <node id="ID43" name="instance_27">
                    <matrix>-0.0862559 -0.9962730 0.0000000 -2547.3183229 0.9962730 -0.0862559 0.0000000 1409.5027617 0.0000000 0.0000000 1.0000000 -53.5055077 0.0000000 0.0000000 0.0000000 1.0000000</matrix>
                    <instance_node url="#ID3" />
                </node>
                <node id="ID44" name="instance_28">
                    <matrix>-0.0862559 -0.9962730 0.0000000 -2038.2426079 0.9962730 -0.0862559 0.0000000 -51.1557862 0.0000000 0.0000000 1.0000000 -53.5055077 0.0000000 0.0000000 0.0000000 1.0000000</matrix>
                    <instance_node url="#ID3" />
                </node>
                <node id="ID45" name="instance_29">
                    <matrix>-0.0862559 -0.9962730 0.0000000 -2366.3416149 0.9962730 -0.0862559 0.0000000 -307.6957692 0.0000000 0.0000000 1.0000000 -53.5055077 0.0000000 0.0000000 0.0000000 1.0000000</matrix>
                    <instance_node url="#ID3" />
                </node>
                <node id="ID46" name="instance_30">
                    <matrix>-0.0862559 -0.9962730 0.0000000 -2593.9317007 0.9962730 -0.0862559 0.0000000 -326.9684958 0.0000000 0.0000000 1.0000000 -53.5055077 0.0000000 0.0000000 0.0000000 1.0000000</matrix>
                    <instance_node url="#ID3" />
                </node>
                <node id="ID47" name="instance_31">
                    <matrix>-0.0862559 -0.9962730 0.0000000 -2777.2801121 0.9962730 -0.0862559 0.0000000 -247.0776666 0.0000000 0.0000000 1.0000000 -53.5055077 0.0000000 0.0000000 0.0000000 1.0000000</matrix>
                    <instance_node url="#ID3" />
                </node>
                <node id="ID48" name="instance_32">
                    <matrix>-0.0862559 -0.9962730 0.0000000 -2919.7368202 0.9962730 -0.0862559 0.0000000 -51.1557862 0.0000000 0.0000000 1.0000000 -53.5055077 0.0000000 0.0000000 0.0000000 1.0000000</matrix>
                    <instance_node url="#ID3" />
                </node>
                <node id="ID49" name="instance_33">
                    <matrix>-0.0862559 -0.9962730 0.0000000 -2823.1252333 0.9962730 -0.0862559 0.0000000 1397.0504344 0.0000000 0.0000000 1.0000000 -53.5055077 0.0000000 0.0000000 0.0000000 1.0000000</matrix>
                    <instance_node url="#ID3" />
                </node>
                <node id="ID50" name="instance_34">
                    <matrix>-0.0862559 -0.9962730 0.0000000 -2942.4457005 0.9962730 -0.0862559 0.0000000 1236.2625314 0.0000000 0.0000000 1.0000000 -53.5055077 0.0000000 0.0000000 0.0000000 1.0000000</matrix>
                    <instance_node url="#ID3" />
                </node>
                <node id="ID51" name="instance_35">
                    <matrix>-0.0862559 -0.9962730 0.0000000 278.1023930 0.9962730 -0.0862559 0.0000000 -233.8628463 0.0000000 0.0000000 1.0000000 -53.5055077 0.0000000 0.0000000 0.0000000 1.0000000</matrix>
                    <instance_node url="#ID3" />
                </node>
                <node id="ID52" name="instance_36">
                    <matrix>-0.0862559 -0.9962730 0.0000000 249.1821643 0.9962730 -0.0862559 0.0000000 33.0494495 0.0000000 0.0000000 1.0000000 -53.5055077 0.0000000 0.0000000 0.0000000 1.0000000</matrix>
                    <instance_node url="#ID3" />
                </node>
                <node id="ID53" name="instance_37">
                    <matrix>-0.0862559 -0.9962730 0.0000000 230.1354244 0.9962730 -0.0862559 0.0000000 219.9684878 0.0000000 0.0000000 1.0000000 -53.5055077 0.0000000 0.0000000 0.0000000 1.0000000</matrix>
                    <instance_node url="#ID3" />
                </node>
                <node id="ID54" name="instance_38">
                    <matrix>-0.0862559 -0.9962730 0.0000000 212.1824959 0.9962730 -0.0862559 0.0000000 444.3253494 0.0000000 0.0000000 1.0000000 -53.5055077 0.0000000 0.0000000 0.0000000 1.0000000</matrix>
                    <instance_node url="#ID3" />
                </node>
                <node id="ID55" name="instance_39">
                    <matrix>-0.0862559 -0.9962730 0.0000000 -603.1372699 0.9962730 -0.0862559 0.0000000 -280.9143736 0.0000000 0.0000000 1.0000000 -53.5055077 0.0000000 0.0000000 0.0000000 1.0000000</matrix>
                    <instance_node url="#ID3" />
                </node>
                <node id="ID56" name="instance_40">
                    <matrix>-0.0862559 -0.9962730 0.0000000 -630.9336804 0.9962730 -0.0862559 0.0000000 44.9154168 0.0000000 0.0000000 1.0000000 -53.5055077 0.0000000 0.0000000 0.0000000 1.0000000</matrix>
                    <instance_node url="#ID3" />
                </node>
                <node id="ID57" name="instance_41">
                    <matrix>-0.0862559 -0.9962730 0.0000000 -31.7576838 0.9962730 -0.0862559 0.0000000 730.7008392 0.0000000 0.0000000 1.0000000 -53.5055077 0.0000000 0.0000000 0.0000000 1.0000000</matrix>
                    <instance_node url="#ID3" />
                </node>
                <node id="ID58" name="instance_42">
                    <matrix>-0.0862559 -0.9962730 0.0000000 -1434.6726923 0.9962730 -0.0862559 0.0000000 -311.6923862 0.0000000 0.0000000 1.0000000 -53.5055077 0.0000000 0.0000000 0.0000000 1.0000000</matrix>
                    <instance_node url="#ID3" />
                </node>
                <node id="ID59" name="instance_43">
                    <matrix>-0.0862559 -0.9962730 0.0000000 -1462.4496432 0.9962730 -0.0862559 0.0000000 -18.4094140 0.0000000 0.0000000 1.0000000 30.7444476 0.0000000 0.0000000 0.0000000 1.0000000</matrix>
                    <instance_node url="#ID3" />
                </node>
                <node id="ID60" name="instance_44">
                    <matrix>-0.0862559 -0.9962730 0.0000000 -1483.5591502 0.9962730 -0.0862559 0.0000000 162.4332189 0.0000000 0.0000000 1.0000000 -53.5055077 0.0000000 0.0000000 0.0000000 1.0000000</matrix>
                    <instance_node url="#ID3" />
                </node>
                <node id="ID61" name="instance_45">
                    <matrix>-0.0862559 -0.9962730 0.0000000 -651.1983695 0.9962730 -0.0862559 0.0000000 234.0847057 0.0000000 0.0000000 1.0000000 -53.5055077 0.0000000 0.0000000 0.0000000 1.0000000</matrix>
                    <instance_node url="#ID3" />
                </node>
                <node id="ID62" name="instance_46">
                    <matrix>-0.0862559 -0.9962730 0.0000000 771.0373460 0.9962730 -0.0862559 0.0000000 1609.2574166 0.0000000 0.0000000 1.0000000 -53.5055077 0.0000000 0.0000000 0.0000000 1.0000000</matrix>
                    <instance_node url="#ID3" />
                </node>
                <node id="ID63" name="instance_47">
                    <matrix>-0.0862559 -0.9962730 0.0000000 744.0987261 0.9962730 -0.0862559 0.0000000 1769.4661792 0.0000000 0.0000000 1.0000000 -53.5055077 0.0000000 0.0000000 0.0000000 1.0000000</matrix>
                    <instance_node url="#ID3" />
                </node>
                <node id="ID64" name="instance_48">
                    <matrix>-0.0862559 -0.9962730 0.0000000 761.9495328 0.9962730 -0.0862559 0.0000000 1456.2283486 0.0000000 0.0000000 1.0000000 -53.5055077 0.0000000 0.0000000 0.0000000 1.0000000</matrix>
                    <instance_node url="#ID3" />
                </node>
                <node id="ID65" name="instance_49">
                    <matrix>-0.0862559 -0.9962730 0.0000000 192.3966838 0.9962730 -0.0862559 0.0000000 1475.6825520 0.0000000 0.0000000 1.0000000 -53.5055077 0.0000000 0.0000000 0.0000000 1.0000000</matrix>
                    <instance_node url="#ID3" />
                </node>
                <node id="ID66" name="instance_50">
                    <matrix>-0.0862559 -0.9962730 0.0000000 216.3750337 0.9962730 -0.0862559 0.0000000 1767.7617204 0.0000000 0.0000000 1.0000000 -53.5055077 0.0000000 0.0000000 0.0000000 1.0000000</matrix>
                    <instance_node url="#ID3" />
                </node>
                <node id="ID67" name="instance_51">
                    <matrix>-0.0862559 -0.9962730 0.0000000 605.3733010 0.9962730 -0.0862559 0.0000000 1821.4839384 0.0000000 0.0000000 1.0000000 -53.5055077 0.0000000 0.0000000 0.0000000 1.0000000</matrix>
                    <instance_node url="#ID3" />
                </node>
                <node id="ID68" name="instance_52">
                    <matrix>-0.0862559 -0.9962730 0.0000000 -1356.3899066 0.9962730 -0.0862559 0.0000000 1400.8347122 0.0000000 0.0000000 1.0000000 -53.5055077 0.0000000 0.0000000 0.0000000 1.0000000</matrix>
                    <instance_node url="#ID3" />
                </node>
                <node id="ID69" name="instance_53">
                    <matrix>-0.0862559 -0.9962730 0.0000000 -1328.0208275 0.9962730 -0.0862559 0.0000000 1396.1853885 0.0000000 0.0000000 1.0000000 197.2367663 0.0000000 0.0000000 0.0000000 1.0000000</matrix>
                    <instance_node url="#ID3" />
                </node>
                <node id="ID70" name="instance_54">
                    <matrix>-0.0862559 -0.9962730 0.0000000 -1267.3205417 0.9962730 -0.0862559 0.0000000 1036.3653523 0.0000000 0.0000000 1.0000000 166.1458488 0.0000000 0.0000000 0.0000000 1.0000000</matrix>
                    <instance_node url="#ID3" />
                </node>
                <node id="ID71" name="instance_55">
                    <matrix>-0.0862559 -0.9962730 0.0000000 -1209.5684775 0.9962730 -0.0862559 0.0000000 1710.9700485 0.0000000 0.0000000 1.0000000 -53.5055077 0.0000000 0.0000000 0.0000000 1.0000000</matrix>
                    <instance_node url="#ID3" />
                </node>
                <node id="ID72" name="instance_56">
                    <matrix>-0.0862559 -0.9962730 0.0000000 -1017.1326276 0.9962730 -0.0862559 0.0000000 1715.0770743 0.0000000 0.0000000 1.0000000 -53.5055077 0.0000000 0.0000000 0.0000000 1.0000000</matrix>
                    <instance_node url="#ID3" />
                </node>
                <node id="ID73" name="instance_57">
                    <matrix>-0.0862559 -0.9962730 0.0000000 -800.1831725 0.9962730 -0.0862559 0.0000000 1392.2634700 0.0000000 0.0000000 1.0000000 -53.5055077 0.0000000 0.0000000 0.0000000 1.0000000</matrix>
                    <instance_node url="#ID3" />
                </node>
                <node id="ID74" name="instance_58">
                    <matrix>-0.0862559 -0.9962730 0.0000000 -460.4599372 0.9962730 -0.0862559 0.0000000 -351.9061321 0.0000000 0.0000000 1.0000000 -53.5055077 0.0000000 0.0000000 0.0000000 1.0000000</matrix>
                    <instance_node url="#ID3" />
                </node>
                <node id="ID75" name="instance_59">
                    <matrix>-0.0862559 -0.9962730 0.0000000 -273.0015317 0.9962730 -0.0862559 0.0000000 -403.3551043 0.0000000 0.0000000 1.0000000 -53.5055077 0.0000000 0.0000000 0.0000000 1.0000000</matrix>
                    <instance_node url="#ID3" />
                </node>
                <node id="ID76" name="instance_60">
                    <matrix>-0.0862559 -0.9962730 0.0000000 -82.6982444 0.9962730 -0.0862559 0.0000000 -404.2139380 0.0000000 0.0000000 1.0000000 -53.5055077 0.0000000 0.0000000 0.0000000 1.0000000</matrix>
                    <instance_node url="#ID3" />
                </node>
                <node id="ID77" name="instance_61">
                    <matrix>-0.0862559 -0.9962730 0.0000000 114.4649142 0.9962730 -0.0862559 0.0000000 -362.4655233 0.0000000 0.0000000 1.0000000 -53.5055077 0.0000000 0.0000000 0.0000000 1.0000000</matrix>
                    <instance_node url="#ID3" />
                </node>
                <node id="ID78" name="instance_62">
                    <matrix>-0.0862559 -0.9962730 0.0000000 -1231.4708419 0.9962730 -0.0862559 0.0000000 -252.7112378 0.0000000 0.0000000 1.0000000 -53.5055077 0.0000000 0.0000000 0.0000000 1.0000000</matrix>
                    <instance_node url="#ID3" />
                </node>
                <node id="ID79" name="instance_63">
                    <matrix>-0.0862559 -0.9962730 0.0000000 -1050.8548772 0.9962730 -0.0862559 0.0000000 -254.2650526 0.0000000 0.0000000 1.0000000 -53.5055077 0.0000000 0.0000000 0.0000000 1.0000000</matrix>
                    <instance_node url="#ID3" />
                </node>
                <node id="ID80" name="instance_64">
                    <matrix>-0.0862559 -0.9962730 0.0000000 -828.8559406 0.9962730 -0.0862559 0.0000000 -273.5034390 0.0000000 0.0000000 1.0000000 -53.5055077 0.0000000 0.0000000 0.0000000 1.0000000</matrix>
                    <instance_node url="#ID3" />
                </node>
                <node id="ID81" name="instance_65">
                    <matrix>-0.0862559 -0.9962730 0.0000000 -2170.2733685 0.9962730 -0.0862559 0.0000000 -346.7903533 0.0000000 0.0000000 1.0000000 -53.5055077 0.0000000 0.0000000 0.0000000 1.0000000</matrix>
                    <instance_node url="#ID3" />
                </node>
                <node id="ID82" name="instance_66">
                    <matrix>-0.0862559 -0.9962730 0.0000000 -2030.8232203 0.9962730 -0.0862559 0.0000000 -204.7065620 0.0000000 0.0000000 1.0000000 -53.5055077 0.0000000 0.0000000 0.0000000 1.0000000</matrix>
                    <instance_node url="#ID3" />
                </node>
                <node id="ID83" name="instance_67">
                    <matrix>0.6200000 0.0000000 0.0000000 795.2053287 0.0000000 0.6200000 0.0000000 -498.8773778 0.0000000 0.0000000 0.6200000 -53.5055077 0.0000000 0.0000000 0.0000000 1.0000000</matrix>
                    <instance_node url="#ID84" />
                </node>
                <node id="ID100" name="instance_69">
                    <matrix>0.6200000 0.0000000 0.0000000 816.7282284 0.0000000 0.6200000 0.0000000 -330.8223862 0.0000000 0.0000000 0.6200000 -53.5055077 0.0000000 0.0000000 0.0000000 1.0000000</matrix>
                    <instance_node url="#ID84" />
                </node>
                <node id="ID101" name="instance_70">
                    <matrix>0.6200000 0.0000000 0.0000000 826.0139868 0.0000000 0.6200000 0.0000000 -134.7462826 0.0000000 0.0000000 0.6200000 -53.5055077 0.0000000 0.0000000 0.0000000 1.0000000</matrix>
                    <instance_node url="#ID84" />
                </node>
                <node id="ID102" name="instance_71">
                    <matrix>0.6200000 0.0000000 0.0000000 834.6279694 0.0000000 0.6200000 0.0000000 70.3539682 0.0000000 0.0000000 0.6200000 -53.5055077 0.0000000 0.0000000 0.0000000 1.0000000</matrix>
                    <instance_node url="#ID84" />
                </node>
                <node id="ID103" name="instance_72">
                    <matrix>0.6200000 0.0000000 0.0000000 850.7675657 0.0000000 0.6200000 0.0000000 264.6275185 0.0000000 0.0000000 0.6200000 -53.5055077 0.0000000 0.0000000 0.0000000 1.0000000</matrix>
                    <instance_node url="#ID84" />
                </node>
                <node id="ID104" name="instance_73">
                    <matrix>0.6200000 0.0000000 0.0000000 859.8707313 0.0000000 0.6200000 0.0000000 457.1944893 0.0000000 0.0000000 0.6200000 -53.5055077 0.0000000 0.0000000 0.0000000 1.0000000</matrix>
                    <instance_node url="#ID84" />
                </node>
                <node id="ID105" name="instance_74">
                    <matrix>-0.0862559 -0.9962730 0.0000000 514.3033725 0.9962730 -0.0862559 0.0000000 473.6461658 0.0000000 0.0000000 1.0000000 -53.5055077 0.0000000 0.0000000 0.0000000 1.0000000</matrix>
                    <instance_node url="#ID3" />
                </node>
                <node id="ID106" name="instance_75">
                    <matrix>-0.0862559 -0.9962730 0.0000000 478.0253319 0.9962730 -0.0862559 0.0000000 258.6714336 0.0000000 0.0000000 1.0000000 -53.5055077 0.0000000 0.0000000 0.0000000 1.0000000</matrix>
                    <instance_node url="#ID3" />
                </node>
                <node id="ID107" name="instance_76">
                    <matrix>-0.0862559 -0.9962730 0.0000000 446.6942969 0.9962730 -0.0862559 0.0000000 73.0114375 0.0000000 0.0000000 1.0000000 -53.5055077 0.0000000 0.0000000 0.0000000 1.0000000</matrix>
                    <instance_node url="#ID3" />
                </node>
                <node id="ID108" name="instance_77">
                    <matrix>-0.0862559 -0.9962730 0.0000000 403.8202489 0.9962730 -0.0862559 0.0000000 -181.0496096 0.0000000 0.0000000 1.0000000 -53.5055077 0.0000000 0.0000000 0.0000000 1.0000000</matrix>
                    <instance_node url="#ID3" />
                </node>
                <node id="ID109" name="instance_78">
                    <matrix>-0.0862559 -0.9962730 0.0000000 386.1563306 0.9962730 -0.0862559 0.0000000 -426.3544684 0.0000000 0.0000000 1.0000000 -53.5055077 0.0000000 0.0000000 0.0000000 1.0000000</matrix>
                    <instance_node url="#ID3" />
                </node>
                <node id="ID110" name="instance_79">
                    <matrix>-0.0862559 -0.9962730 0.0000000 -556.7150270 0.9962730 -0.0862559 0.0000000 1134.1506868 0.0000000 0.0000000 1.0000000 -53.5055077 0.0000000 0.0000000 0.0000000 1.0000000</matrix>
                    <instance_node url="#ID3" />
                </node>
                <node id="ID111" name="instance_80">
                    <matrix>-0.0862559 -0.9962730 0.0000000 199.9911438 0.9962730 -0.0862559 0.0000000 610.4261055 0.0000000 0.0000000 1.0000000 -53.5055077 0.0000000 0.0000000 0.0000000 1.0000000</matrix>
                    <instance_node url="#ID3" />
                </node>
                <node id="ID112" name="instance_81">
                    <matrix>-0.0862559 -0.9962730 0.0000000 964.3776799 0.9962730 -0.0862559 0.0000000 1402.2334816 0.0000000 0.0000000 1.0000000 -53.5055077 0.0000000 0.0000000 0.0000000 1.0000000</matrix>
                    <instance_node url="#ID3" />
                </node>
                <node id="ID113" name="instance_82">
                    <matrix>-0.0862559 -0.9962730 0.0000000 974.7533990 0.9962730 -0.0862559 0.0000000 1596.4821941 0.0000000 0.0000000 1.0000000 -53.5055077 0.0000000 0.0000000 0.0000000 1.0000000</matrix>
                    <instance_node url="#ID3" />
                </node>
                <node id="ID114" name="instance_83">
                    <matrix>-0.0862559 -0.9962730 0.0000000 974.7533990 0.9962730 -0.0862559 0.0000000 1788.4831156 0.0000000 0.0000000 1.0000000 -53.5055077 0.0000000 0.0000000 0.0000000 1.0000000</matrix>
                    <instance_node url="#ID3" />
                </node>
                <node id="ID115" name="instance_84">
                    <matrix>-0.0862559 -0.9962730 0.0000000 -672.6607278 0.9962730 -0.0862559 0.0000000 434.6468303 0.0000000 0.0000000 1.0000000 -53.5055077 0.0000000 0.0000000 0.0000000 1.0000000</matrix>
                    <instance_node url="#ID3" />
                </node>
                <node id="ID116" name="instance_85">
                    <matrix>-0.0862559 -0.9962730 0.0000000 -763.3187015 0.9962730 -0.0862559 0.0000000 1219.7458413 0.0000000 0.0000000 1.0000000 -53.5055077 0.0000000 0.0000000 0.0000000 1.0000000</matrix>
